5 17
0 1 2 3 4 5 6 7 8 2 1 2 2 3 4 5
1 0 2 3 4 5 6 7 8 1 2 2 2 2 2 2
1 2 0 3 4 5 6 7 8 1 2 2 2 2 2 2
1 2 3 0 4 5 6 7 8 1 2 2 2 2 2 2
1 2 3 4 0 6 7 8 9 1 2 2 2 2 2 2
1 2 3 4 5 0 7 8 9 1 2 2 2 2 2 2
1 2 3 4 5 6 0 8 9 1 2 2 2 2 2 2
1 2 3 4 5 6 7 0 9 1 2 2 2 2 2 2
1 2 3 4 5 6 7 8 0 1 2 2 2 2 2 2
1 2 3 4 5 6 7 8 8 0 2 2 2 2 2 2
1 2 3 4 5 6 7 8 9 9 0 2 2 2 2 2
1 2 3 4 5 6 7 8 8 8 8 0 2 2 2 2
1 2 3 4 5 6 7 8 9 9 9 9 0 2 2 2
1 2 3 4 5 6 7 8 9 1 2 3 4 0 2 2
1 2 3 4 5 6 7 8 9 9 9 9 9 9 0 2
1 2 3 4 5 6 7 8 9 9 9 9 9 9 1 0